Object_size, Total_Ptrs, Uniq_Ptrs, Duplicate_Ptrs
16, 8700, 24, 8676
16, 9103, 29, 9074
16, 14187, 521, 13666
16, 13956, 527, 13429
16, 14047, 546, 13501
16, 13967, 550, 13417
16, 13967, 580, 13387
16, 13832, 590, 13242
16, 13851, 592, 13259
16, 14111, 593, 13518
16, 13995, 612, 13383
16, 14085, 614, 13471
16, 13891, 615, 13276
16, 14070, 619, 13451
16, 13885, 626, 13259
16, 14039, 626, 13413
16, 14006, 631, 13375
16, 13874, 639, 13235
16, 13909, 643, 13266
16, 13794, 655, 13139
16, 13944, 665, 13279
16, 13729, 668, 13061
16, 13800, 675, 13125
16, 12978, 736, 12242
16, 12896, 737, 12159
16, 12980, 746, 12234
16, 12972, 778, 12194
16, 12833, 789, 12044
16, 12918, 789, 12129
16, 13077, 792, 12285
16, 12920, 810, 12110
16, 12933, 810, 12123
16, 12864, 817, 12047
16, 13140, 817, 12323
16, 13062, 820, 12242
16, 12966, 821, 12145
16, 12914, 822, 12092
16, 13147, 822, 12325
16, 13144, 824, 12320
16, 12886, 825, 12061
16, 12945, 825, 12120
16, 12950, 825, 12125
16, 13014, 826, 12188
16, 12869, 829, 12040
16, 12963, 830, 12133
16, 13035, 830, 12205
16, 13101, 830, 12271
16, 12965, 831, 12134
16, 13067, 831, 12236
16, 13199, 831, 12368
16, 13010, 832, 12178
16, 13063, 833, 12230
16, 13084, 833, 12251
16, 12953, 834, 12119
16, 12944, 835, 12109
16, 13128, 836, 12292
16, 12893, 837, 12056
16, 12932, 837, 12095
16, 13123, 837, 12286
16, 12985, 838, 12147
16, 13047, 838, 12209
16, 13127, 838, 12289
16, 13162, 838, 12324
16, 12890, 839, 12051
16, 13093, 839, 12254
16, 13148, 840, 12308
16, 13011, 841, 12170
16, 13170, 841, 12329
16, 13201, 841, 12360
16, 13023, 842, 12181
16, 13136, 842, 12294
16, 12983, 843, 12140
16, 13012, 843, 12169
16, 13116, 843, 12273
16, 12940, 844, 12096
16, 13098, 844, 12254
16, 12862, 845, 12017
16, 13011, 845, 12166
16, 13139, 845, 12294
16, 13058, 846, 12212
16, 12989, 847, 12142
16, 13039, 847, 12192
16, 12989, 848, 12141
16, 13074, 848, 12226
16, 13001, 849, 12152
16, 13027, 849, 12178
16, 13064, 849, 12215
16, 13072, 849, 12223
16, 12879, 850, 12029
16, 12924, 850, 12074
16, 12981, 850, 12131
16, 13023, 850, 12173
16, 12835, 851, 11984
16, 13081, 852, 12229
16, 12969, 853, 12116
16, 13008, 853, 12155
16, 13156, 855, 12301
16, 13164, 855, 12309
16, 13197, 855, 12342
16, 13065, 856, 12209
16, 13120, 867, 12253
16, 13044, 883, 12161
16, 13793, 889, 12904
16, 13659, 895, 12764
16, 13144, 902, 12242
16, 13570, 903, 12667
16, 13545, 908, 12637
16, 13628, 918, 12710
16, 13477, 921, 12556
16, 12991, 930, 12061
16, 13531, 931, 12600
16, 13694, 935, 12759
16, 13230, 938, 12292
16, 12918, 939, 11979
16, 13117, 941, 12176
16, 13239, 942, 12297
16, 13390, 946, 12444
16, 13229, 952, 12277
16, 13087, 953, 12134
16, 13205, 955, 12250
16, 13039, 959, 12080
16, 13076, 965, 12111
16, 13102, 981, 12121
16, 13018, 992, 12026
16, 13061, 1084, 11977

512, 17926, 270, 17656
512, 17457, 293, 17164
512, 17461, 297, 17164
512, 14619, 348, 14271
512, 14514, 351, 14163
512, 14431, 419, 14012
512, 14346, 454, 13892
512, 15891, 511, 15380
512, 16903, 514, 16389
512, 15976, 581, 15395
512, 15568, 682, 14886
512, 23813, 1055, 22758
512, 23813, 1065, 22748
512, 23812, 1070, 22742
512, 23824, 1070, 22754
512, 23817, 1074, 22743
512, 23804, 1076, 22728
512, 23806, 1076, 22730
512, 23819, 1077, 22742
512, 23800, 1079, 22721
512, 23811, 1079, 22732
512, 23813, 1079, 22734
512, 23825, 1079, 22746
512, 23806, 1080, 22726
512, 23820, 1080, 22740
512, 23807, 1081, 22726
512, 23817, 1081, 22736
512, 23816, 1082, 22734
512, 23801, 1084, 22717
512, 23827, 1084, 22743
512, 23802, 1085, 22717
512, 23802, 1085, 22717
512, 23809, 1085, 22724
512, 23808, 1086, 22722
512, 23825, 1086, 22739
512, 23825, 1086, 22739
512, 23802, 1087, 22715
512, 23810, 1087, 22723
512, 23810, 1087, 22723
512, 23813, 1087, 22726
512, 23817, 1087, 22730
512, 23819, 1087, 22732
512, 23824, 1087, 22737
512, 23803, 1088, 22715
512, 23809, 1088, 22721
512, 23811, 1088, 22723
512, 23811, 1089, 22722
512, 23795, 1090, 22705
512, 23798, 1090, 22708
512, 23800, 1090, 22710
512, 23801, 1090, 22711
512, 23805, 1090, 22715
512, 23808, 1090, 22718
512, 23808, 1090, 22718
512, 23809, 1090, 22719
512, 23813, 1090, 22723
512, 23822, 1090, 22732
512, 23786, 1091, 22695
512, 23795, 1091, 22704
512, 23799, 1091, 22708
512, 23815, 1091, 22724
512, 23818, 1091, 22727
512, 23809, 1092, 22717
512, 23798, 1093, 22705
512, 23799, 1093, 22706
512, 23820, 1093, 22727
512, 23795, 1094, 22701
512, 23809, 1094, 22715
512, 23816, 1094, 22722
512, 23818, 1094, 22724
512, 23807, 1095, 22712
512, 23813, 1095, 22718
512, 23813, 1095, 22718
512, 23817, 1095, 22722
512, 23822, 1095, 22727
512, 23809, 1096, 22713
512, 23809, 1096, 22713
512, 23813, 1096, 22717
512, 23814, 1096, 22718
512, 23827, 1096, 22731
512, 23805, 1097, 22708
512, 23807, 1097, 22710
512, 23809, 1097, 22712
512, 23809, 1097, 22712
512, 23811, 1097, 22714
512, 23815, 1097, 22718
512, 23816, 1097, 22719
512, 23817, 1097, 22720
512, 23820, 1097, 22723
512, 23790, 1098, 22692
512, 23809, 1098, 22711
512, 23779, 1099, 22680
512, 23797, 1099, 22698
512, 23815, 1099, 22716
512, 23760, 1100, 22660
512, 23803, 1101, 22702
512, 23819, 1101, 22718
512, 23755, 1102, 22653
512, 23800, 1102, 22698
512, 23805, 1102, 22703
512, 23806, 1102, 22704
512, 23808, 1102, 22706
512, 23810, 1102, 22708
512, 23816, 1102, 22714
512, 23819, 1102, 22717
512, 23826, 1102, 22724
512, 23802, 1103, 22699
512, 23803, 1103, 22700
512, 23817, 1103, 22714
512, 23818, 1103, 22715
512, 23793, 1104, 22689
512, 23809, 1104, 22705
512, 23811, 1104, 22707
512, 23793, 1105, 22688
512, 23798, 1105, 22693
512, 23805, 1105, 22700
512, 23798, 1106, 22692
512, 23802, 1106, 22696
512, 23804, 1106, 22698
512, 23809, 1106, 22703
512, 23811, 1106, 22705
512, 23816, 1106, 22710
512, 23825, 1106, 22719
512, 23802, 1107, 22695
512, 23804, 1107, 22697
512, 23807, 1107, 22700
512, 23796, 1108, 22688
512, 23818, 1108, 22710
512, 23829, 1108, 22721
512, 23798, 1109, 22689
512, 23804, 1109, 22695
512, 23805, 1109, 22696
512, 23783, 1110, 22673
512, 23787, 1111, 22676
512, 23806, 1111, 22695
512, 23807, 1111, 22696
512, 23813, 1111, 22702
512, 23819, 1111, 22708
512, 23801, 1113, 22688
512, 23798, 1114, 22684
512, 23813, 1114, 22699
512, 23808, 1116, 22692
512, 23811, 1116, 22695
512, 23811, 1116, 22695
512, 23817, 1116, 22701
512, 23817, 1116, 22701
512, 23800, 1121, 22679
512, 23807, 1121, 22686
512, 23808, 1121, 22687
512, 23814, 1122, 22692
512, 23810, 1123, 22687
512, 23806, 1124, 22682
512, 23786, 1126, 22660
512, 23802, 1127, 22675
512, 23811, 1129, 22682
512, 23817, 1129, 22688
512, 23804, 1130, 22674
512, 23806, 1130, 22676
512, 23814, 1130, 22684
512, 23851, 1130, 22721
512, 23851, 1130, 22721
512, 23803, 1131, 22672
512, 23804, 1131, 22673
512, 23807, 1131, 22676
512, 23801, 1132, 22669
512, 23802, 1132, 22670
512, 23795, 1133, 22662
512, 23807, 1133, 22674
512, 23790, 1134, 22656
512, 23803, 1134, 22669
512, 23811, 1134, 22677
512, 23809, 1135, 22674
512, 23821, 1135, 22686
512, 23823, 1135, 22688
512, 23805, 1137, 22668
512, 23798, 1138, 22660
512, 23799, 1138, 22661
512, 23800, 1138, 22662
512, 23809, 1138, 22671
512, 23814, 1138, 22676
512, 23815, 1138, 22677
512, 23810, 1139, 22671
512, 23810, 1139, 22671
512, 23822, 1139, 22683
512, 23790, 1140, 22650
512, 23803, 1140, 22663
512, 23806, 1140, 22666
512, 23780, 1141, 22639
512, 23797, 1141, 22656
512, 23808, 1141, 22667
512, 23806, 1142, 22664
512, 23825, 1143, 22682
512, 23841, 1143, 22698
512, 23784, 1144, 22640
512, 23859, 1144, 22715
512, 23860, 1144, 22716
512, 23824, 1146, 22678
512, 23791, 1147, 22644
512, 23804, 1149, 22655
512, 23799, 1152, 22647
512, 23801, 1152, 22649
512, 23806, 1153, 22653
512, 23830, 1154, 22676
512, 23795, 1155, 22640
512, 23838, 1155, 22683
512, 23783, 1157, 22626
512, 23800, 1157, 22643
512, 23791, 1158, 22633
512, 23792, 1158, 22634
512, 23802, 1158, 22644
512, 23811, 1158, 22653
512, 23801, 1159, 22642
512, 23806, 1159, 22647
512, 23807, 1159, 22648
512, 23814, 1163, 22651
512, 23818, 1164, 22654
512, 23804, 1165, 22639
512, 23807, 1165, 22642
512, 23814, 1165, 22649
512, 23815, 1165, 22650
512, 23791, 1166, 22625
512, 23794, 1166, 22628
512, 23793, 1167, 22626
512, 23851, 1167, 22684
512, 23798, 1168, 22630
512, 23787, 1169, 22618
512, 23793, 1170, 22623
512, 23909, 1170, 22739
512, 23853, 1172, 22681
512, 23795, 1174, 22621
512, 23800, 1174, 22626
512, 23792, 1175, 22617
512, 23794, 1175, 22619
512, 23789, 1177, 22612
512, 23797, 1178, 22619
512, 23827, 1180, 22647
512, 23854, 1180, 22674
512, 23786, 1181, 22605
512, 23794, 1181, 22613
512, 23803, 1183, 22620
512, 23791, 1184, 22607
512, 23822, 1184, 22638
512, 23825, 1185, 22640
512, 23894, 1185, 22709
512, 23783, 1187, 22596
512, 23797, 1187, 22610
512, 23838, 1187, 22651
512, 23803, 1188, 22615
512, 23784, 1189, 22595
512, 23793, 1189, 22604
512, 23813, 1189, 22624
512, 23793, 1190, 22603
512, 23814, 1190, 22624
512, 23829, 1190, 22639
512, 23862, 1194, 22668
512, 23812, 1201, 22611
512, 23875, 1202, 22673
512, 23756, 1203, 22553
512, 23792, 1203, 22589
512, 23795, 1203, 22592
512, 23788, 1208, 22580
512, 23805, 1209, 22596
512, 23865, 1209, 22656
512, 23736, 1210, 22526
512, 23790, 1210, 22580
512, 23816, 1211, 22605
512, 23784, 1213, 22571
512, 23803, 1213, 22590
512, 23828, 1219, 22609
512, 23792, 1220, 22572
512, 23783, 1221, 22562
512, 23785, 1221, 22564
512, 23831, 1221, 22610
512, 23806, 1222, 22584
512, 23814, 1224, 22590
512, 23901, 1225, 22676
512, 23782, 1226, 22556
512, 23830, 1226, 22604
512, 23783, 1229, 22554
512, 23799, 1229, 22570
512, 23917, 1230, 22687
512, 23908, 1233, 22675
512, 23865, 1236, 22629
512, 23791, 1238, 22553
512, 23800, 1239, 22561
512, 23881, 1239, 22642
512, 23793, 1240, 22553
512, 23853, 1243, 22610
512, 23917, 1243, 22674
512, 23791, 1244, 22547
512, 23878, 1244, 22634
512, 23855, 1245, 22610
512, 23869, 1245, 22624
512, 23869, 1245, 22624
512, 23773, 1249, 22524
512, 23781, 1249, 22532
512, 23803, 1249, 22554
512, 23856, 1251, 22605
512, 23871, 1251, 22620
512, 23833, 1254, 22579
512, 23794, 1259, 22535
512, 23792, 1260, 22532
512, 23801, 1260, 22541
512, 23871, 1260, 22611
512, 23852, 1261, 22591
512, 23872, 1261, 22611
512, 23783, 1262, 22521
512, 23792, 1263, 22529
512, 23833, 1264, 22569
512, 23864, 1264, 22600
512, 23792, 1266, 22526
512, 23808, 1267, 22541
512, 23871, 1267, 22604
512, 23858, 1268, 22590
512, 23857, 1269, 22588
512, 23850, 1273, 22577
512, 23857, 1273, 22584
512, 23792, 1277, 22515
512, 23858, 1277, 22581
512, 23803, 1279, 22524
512, 23850, 1279, 22571
512, 23854, 1281, 22573
512, 23783, 1282, 22501
512, 23790, 1285, 22505
512, 23849, 1285, 22564
512, 23817, 1286, 22531
512, 23779, 1287, 22492
512, 23764, 1290, 22474
512, 23776, 1290, 22486
512, 23869, 1291, 22578
512, 23778, 1293, 22485
512, 23862, 1293, 22569
512, 23778, 1294, 22484
512, 23855, 1295, 22560
512, 23769, 1297, 22472
512, 23805, 1297, 22508
512, 23773, 1298, 22475
512, 23745, 1302, 22443
512, 23832, 1303, 22529
512, 23815, 1306, 22509
512, 23858, 1306, 22552
512, 23771, 1307, 22464
512, 23782, 1309, 22473
512, 23795, 1309, 22486
512, 23802, 1310, 22492
512, 23787, 1313, 22474
512, 23787, 1313, 22474
512, 23772, 1320, 22452
512, 23861, 1324, 22537
512, 23772, 1325, 22447
512, 23773, 1329, 22444
512, 23779, 1329, 22450
512, 23793, 1329, 22464
512, 23788, 1330, 22458
512, 23789, 1334, 22455
512, 23784, 1335, 22449
512, 23823, 1335, 22488
512, 23839, 1337, 22502
512, 23768, 1339, 22429
512, 23781, 1339, 22442
512, 23834, 1341, 22493
512, 23795, 1344, 22451
512, 23784, 1346, 22438
512, 23827, 1348, 22479
512, 23835, 1348, 22487
512, 23792, 1349, 22443
512, 23811, 1354, 22457
512, 23784, 1356, 22428
512, 23818, 1358, 22460
512, 23826, 1361, 22465
512, 23742, 1362, 22380
512, 23777, 1371, 22406
512, 23774, 1382, 22392
512, 23780, 1382, 22398
512, 23840, 1390, 22450
512, 23783, 1391, 22392
512, 23837, 1404, 22433
512, 23828, 1406, 22422
512, 23706, 1416, 22290
512, 23835, 1417, 22418
512, 23842, 1426, 22416
512, 23704, 1431, 22273
512, 23546, 1434, 22112
512, 23678, 1514, 22164
512, 23685, 1582, 22103
512, 23649, 1653, 21996
512, 23652, 1668, 21984
512, 23601, 1731, 21870
512, 23691, 1764, 21927
512, 23636, 1798, 21838
512, 23572, 1888, 21684
512, 23580, 1935, 21645
512, 23604, 2042, 21562
512, 23436, 2175, 21261
512, 23084, 2211, 20873
512, 23465, 2213, 21252
512, 23023, 2234, 20789
512, 23340, 2241, 21099
512, 23366, 2281, 21085
512, 22893, 2295, 20598
512, 23241, 2297, 20944
512, 23393, 2318, 21075
512, 22475, 2418, 20057
512, 23023, 2482, 20541
512, 22688, 2498, 20190
512, 22876, 2590, 20286
512, 22094, 2623, 19471
512, 22072, 2652, 19420
512, 22287, 2668, 19619
512, 22686, 2681, 20005
512, 22524, 2900, 19624
512, 22379, 2948, 19431
512, 22765, 3167, 19598
512, 22131, 3285, 18846
512, 22266, 3351, 18915
512, 21635, 3519, 18116
512, 21830, 3528, 18302
512, 21926, 3623, 18303
512, 22566, 3661, 18905
512, 21718, 3712, 18006
512, 21407, 3757, 17650
512, 21660, 3820, 17840
512, 18680, 3888, 14792
512, 21795, 3898, 17897
512, 21391, 3953, 17438
512, 21174, 4228, 16946
512, 21043, 4467, 16576
512, 21697, 4469, 17228
512, 21829, 4598, 17231
512, 21692, 4926, 16766
512, 22055, 4935, 17120
512, 21568, 5418, 16150
512, 9016, 7009, 2007
512, 19853, 8111, 11742

4096, 22776, 22776, 0
4096, 22776, 22776, 0

8192, 8707, 2050, 6657
8192, 11460, 3707, 7753
8192, 9666, 4245, 5421
8192, 10739, 4463, 6276
8192, 15335, 4660, 10675
8192, 15317, 4692, 10625
8192, 15231, 4697, 10534
8192, 15315, 4699, 10616
8192, 15263, 4706, 10557
8192, 15156, 4709, 10447
8192, 15277, 4710, 10567
8192, 15320, 4710, 10610
8192, 14986, 4743, 10243
8192, 15416, 4751, 10665
8192, 15445, 4754, 10691
8192, 15086, 4756, 10330
8192, 15178, 4765, 10413
8192, 15349, 4768, 10581
8192, 15088, 4775, 10313
8192, 15373, 4791, 10582
8192, 15397, 4792, 10605
8192, 15426, 4794, 10632
8192, 15472, 4795, 10677
8192, 15147, 4797, 10350
8192, 15203, 4805, 10398
8192, 15330, 4808, 10522
8192, 15530, 4825, 10705
8192, 15528, 4830, 10698
8192, 15401, 4834, 10567
8192, 15350, 4838, 10512
8192, 15498, 4848, 10650
8192, 15198, 4854, 10344
8192, 15402, 4854, 10548
8192, 15280, 4855, 10425
8192, 15152, 4857, 10295
8192, 15287, 4857, 10430
8192, 15381, 4864, 10517
8192, 15286, 4869, 10417
8192, 15332, 4889, 10443
8192, 15551, 4892, 10659
8192, 15312, 4893, 10419
8192, 15364, 4903, 10461
8192, 15338, 4914, 10424
8192, 15346, 4919, 10427
8192, 15319, 4926, 10393
8192, 15508, 4926, 10582
8192, 15338, 4934, 10404
8192, 15507, 4946, 10561
8192, 12215, 4949, 7266
8192, 15376, 4950, 10426
8192, 15566, 4950, 10616
8192, 15446, 4951, 10495
8192, 15460, 4951, 10509
8192, 15218, 4959, 10259
8192, 15036, 4960, 10076
8192, 15329, 4960, 10369
8192, 14884, 4974, 9910
8192, 14949, 4978, 9971
8192, 15281, 5011, 10270
8192, 15543, 5011, 10532
8192, 15148, 5013, 10135
8192, 15555, 5013, 10542
8192, 15271, 5017, 10254
8192, 15372, 5025, 10347
8192, 15267, 5032, 10235
8192, 15383, 5039, 10344
8192, 13158, 5057, 8101
8192, 15233, 5060, 10173
8192, 15180, 5068, 10112
8192, 15498, 5073, 10425
8192, 15312, 5091, 10221
8192, 15310, 5096, 10214
8192, 15551, 5100, 10451
8192, 15427, 5102, 10325
8192, 15499, 5104, 10395
8192, 16107, 5109, 10998
8192, 14740, 5111, 9629
8192, 15291, 5121, 10170
8192, 15270, 5123, 10147
8192, 15433, 5123, 10310
8192, 14728, 5128, 9600
8192, 15441, 5129, 10312
8192, 15632, 5139, 10493
8192, 15222, 5143, 10079
8192, 15467, 5150, 10317
8192, 15369, 5157, 10212
8192, 15106, 5164, 9942
8192, 15583, 5176, 10407
8192, 14901, 5178, 9723
8192, 14967, 5179, 9788
8192, 15477, 5180, 10297
8192, 13646, 5189, 8457
8192, 15201, 5190, 10011
8192, 14686, 5194, 9492
8192, 15589, 5196, 10393
8192, 14899, 5197, 9702
8192, 15506, 5200, 10306
8192, 15506, 5201, 10305
8192, 15169, 5204, 9965
8192, 15232, 5216, 10016
8192, 15232, 5239, 9993
8192, 15163, 5252, 9911
8192, 15798, 5259, 10539
8192, 15274, 5263, 10011
8192, 15682, 5264, 10418
8192, 15592, 5266, 10326
8192, 15035, 5268, 9767
8192, 15342, 5270, 10072
8192, 15536, 5272, 10264
8192, 15517, 5274, 10243
8192, 15946, 5278, 10668
8192, 15303, 5284, 10019
8192, 15346, 5284, 10062
8192, 16052, 5288, 10764
8192, 15924, 5291, 10633
8192, 14830, 5294, 9536
8192, 15818, 5296, 10522
8192, 15831, 5300, 10531
8192, 15935, 5303, 10632
8192, 15574, 5305, 10269
8192, 15820, 5313, 10507
8192, 15278, 5318, 9960
8192, 15297, 5318, 9979
8192, 15895, 5319, 10576
8192, 15884, 5320, 10564
8192, 15455, 5321, 10134
8192, 15809, 5321, 10488
8192, 13987, 5323, 8664
8192, 15168, 5325, 9843
8192, 15491, 5325, 10166
8192, 15795, 5326, 10469
8192, 15499, 5330, 10169
8192, 15532, 5330, 10202
8192, 15653, 5337, 10316
8192, 15632, 5343, 10289
8192, 15520, 5347, 10173
8192, 15980, 5347, 10633
8192, 15403, 5355, 10048
8192, 15782, 5366, 10416
8192, 13869, 5374, 8495
8192, 15126, 5382, 9744
8192, 16050, 5383, 10667
8192, 15170, 5384, 9786
8192, 16055, 5387, 10668
8192, 14992, 5388, 9604
8192, 15495, 5388, 10107
8192, 15924, 5391, 10533
8192, 15479, 5393, 10086
8192, 15568, 5396, 10172
8192, 15153, 5398, 9755
8192, 15776, 5399, 10377
8192, 15415, 5404, 10011
8192, 14997, 5407, 9590
8192, 14600, 5409, 9191
8192, 15172, 5410, 9762
8192, 15389, 5413, 9976
8192, 15843, 5414, 10429
8192, 16195, 5414, 10781
8192, 15315, 5415, 9900
8192, 15365, 5415, 9950
8192, 15712, 5418, 10294
8192, 14006, 5422, 8584
8192, 15521, 5427, 10094
8192, 14124, 5430, 8694
8192, 15708, 5434, 10274
8192, 15973, 5434, 10539
8192, 15184, 5438, 9746
8192, 15418, 5439, 9979
8192, 14654, 5443, 9211
8192, 15068, 5444, 9624
8192, 15674, 5447, 10227
8192, 11473, 5448, 6025
8192, 15019, 5451, 9568
8192, 15068, 5453, 9615
8192, 15847, 5453, 10394
8192, 16283, 5461, 10822
8192, 15724, 5465, 10259
8192, 15629, 5467, 10162
8192, 15377, 5470, 9907
8192, 15399, 5472, 9927
8192, 13560, 5474, 8086
8192, 13892, 5475, 8417
8192, 15638, 5475, 10163
8192, 16074, 5478, 10596
8192, 15506, 5481, 10025
8192, 15676, 5482, 10194
8192, 15157, 5483, 9674
8192, 15096, 5495, 9601
8192, 15736, 5498, 10238
8192, 15458, 5499, 9959
8192, 15870, 5499, 10371
8192, 15134, 5500, 9634
8192, 15320, 5500, 9820
8192, 13876, 5507, 8369
8192, 13485, 5508, 7977
8192, 13006, 5509, 7497
8192, 15808, 5509, 10299
8192, 13609, 5510, 8099
8192, 14809, 5511, 9298
8192, 14889, 5514, 9375
8192, 15273, 5519, 9754
8192, 15036, 5521, 9515
8192, 15913, 5522, 10391
8192, 15841, 5524, 10317
8192, 15089, 5528, 9561
8192, 15632, 5530, 10102
8192, 15925, 5533, 10392
8192, 15879, 5534, 10345
8192, 15256, 5535, 9721
8192, 13863, 5538, 8325
8192, 15002, 5546, 9456
8192, 14330, 5550, 8780
8192, 15659, 5551, 10108
8192, 15710, 5553, 10157
8192, 13009, 5554, 7455
8192, 15001, 5561, 9440
8192, 13410, 5569, 7841
8192, 15953, 5569, 10384
8192, 14892, 5570, 9322
8192, 15391, 5574, 9817
8192, 15442, 5574, 9868
8192, 15718, 5576, 10142
8192, 15792, 5578, 10214
8192, 14063, 5590, 8473
8192, 16027, 5600, 10427
8192, 15137, 5606, 9531
8192, 15231, 5608, 9623
8192, 15829, 5611, 10218
8192, 16073, 5614, 10459
8192, 15796, 5617, 10179
8192, 16356, 5624, 10732
8192, 15154, 5634, 9520
8192, 15572, 5634, 9938
8192, 16191, 5640, 10551
8192, 15779, 5642, 10137
8192, 15278, 5653, 9625
8192, 14130, 5655, 8475
8192, 15399, 5657, 9742
8192, 15781, 5657, 10124
8192, 15695, 5664, 10031
8192, 16001, 5672, 10329
8192, 14925, 5688, 9237
8192, 15449, 5691, 9758
8192, 15965, 5691, 10274
8192, 15413, 5692, 9721
8192, 15143, 5707, 9436
8192, 13759, 5714, 8045
8192, 15960, 5720, 10240
8192, 15753, 5725, 10028
8192, 15909, 5725, 10184
8192, 13743, 5732, 8011
8192, 14207, 5740, 8467
8192, 14847, 5745, 9102
8192, 13572, 5746, 7826
8192, 16163, 5747, 10416
8192, 13563, 5748, 7815
8192, 15054, 5749, 9305
8192, 15234, 5755, 9479
8192, 15626, 5764, 9862
8192, 15315, 5765, 9550
8192, 12963, 5783, 7180
8192, 13588, 5793, 7795
8192, 14212, 5806, 8406
8192, 13795, 5810, 7985
8192, 13388, 5816, 7572
8192, 14890, 5822, 9068
8192, 14007, 5824, 8183
8192, 14539, 5828, 8711
8192, 13510, 5831, 7679
8192, 15082, 5835, 9247
8192, 16130, 5840, 10290
8192, 15851, 5842, 10009
8192, 13233, 5855, 7378
8192, 15429, 5868, 9561
8192, 15607, 5874, 9733
8192, 14784, 5883, 8901
8192, 13149, 5887, 7262
8192, 13648, 5891, 7757
8192, 13759, 5891, 7868
8192, 15097, 5900, 9197
8192, 15563, 5925, 9638
8192, 15454, 5927, 9527
8192, 14071, 5935, 8136
8192, 13443, 5944, 7499
8192, 15328, 5954, 9374
8192, 13952, 5965, 7987
8192, 13406, 5968, 7438
8192, 13595, 5968, 7627
8192, 14157, 6000, 8157
8192, 15372, 6045, 9327
8192, 13930, 6048, 7882
8192, 13140, 6070, 7070
8192, 14277, 6099, 8178
8192, 13783, 6103, 7680
8192, 12241, 6118, 6123
8192, 13048, 6125, 6923
8192, 23809, 6126, 17683
8192, 14227, 6136, 8091
8192, 13786, 6139, 7647
8192, 15925, 6149, 9776
8192, 14973, 6162, 8811
8192, 15613, 6181, 9432
8192, 14943, 6205, 8738
8192, 15657, 6216, 9441
8192, 13682, 6219, 7463
8192, 12071, 6264, 5807
8192, 13683, 6279, 7404
8192, 13968, 6280, 7688
8192, 13309, 6285, 7024
8192, 14334, 6297, 8037
8192, 14438, 6318, 8120
8192, 13191, 6328, 6863
8192, 13997, 6345, 7652
8192, 14225, 6352, 7873
8192, 13938, 6371, 7567
8192, 13659, 6374, 7285
8192, 13286, 6392, 6894
8192, 14200, 6399, 7801
8192, 13137, 6419, 6718
8192, 12868, 6433, 6435
8192, 14081, 6447, 7634
8192, 13051, 6455, 6596
8192, 14686, 6461, 8225
8192, 14154, 6473, 7681
8192, 13088, 6490, 6598
8192, 14338, 6503, 7835
8192, 12862, 6510, 6352
8192, 13088, 6515, 6573
8192, 13756, 6515, 7241
8192, 13810, 6534, 7276
8192, 12574, 6537, 6037
8192, 13292, 6541, 6751
8192, 12855, 6550, 6305
8192, 13067, 6559, 6508
8192, 12376, 6575, 5801
8192, 14429, 6580, 7849
8192, 13463, 6608, 6855
8192, 12719, 6656, 6063
8192, 12789, 6666, 6123
8192, 13772, 6715, 7057
8192, 12000, 6730, 5270
8192, 12696, 6739, 5957
8192, 13350, 6747, 6603
8192, 12904, 6752, 6152
8192, 14804, 6754, 8050
8192, 10049, 6775, 3274
8192, 14038, 6778, 7260
8192, 14109, 6856, 7253
8192, 13004, 6857, 6147
8192, 12990, 6912, 6078
8192, 15032, 6986, 8046
8192, 15278, 6986, 8292
8192, 12387, 6992, 5395
8192, 12928, 7008, 5920
8192, 11833, 7021, 4812
8192, 15028, 7025, 8003
8192, 13087, 7035, 6052
8192, 13720, 7037, 6683
8192, 14386, 7045, 7341
8192, 14388, 7075, 7313
8192, 14505, 7088, 7417
8192, 13982, 7090, 6892
8192, 15571, 7107, 8464
8192, 12878, 7108, 5770
8192, 14634, 7128, 7506
8192, 14654, 7145, 7509
8192, 13793, 7147, 6646
8192, 14868, 7183, 7685
8192, 13785, 7185, 6600
8192, 13946, 7186, 6760
8192, 14662, 7192, 7470
8192, 12718, 7222, 5496
8192, 12724, 7266, 5458
8192, 13805, 7289, 6516
8192, 14934, 7293, 7641
8192, 14572, 7330, 7242
8192, 9708, 7358, 2350
8192, 14911, 7399, 7512
8192, 13691, 7491, 6200
8192, 14393, 7505, 6888
8192, 14961, 7554, 7407
8192, 9685, 7572, 2113
8192, 13683, 7587, 6096
8192, 16485, 7659, 8826
8192, 14622, 7768, 6854
8192, 14631, 7769, 6862
8192, 14627, 7887, 6740
8192, 13211, 7912, 5299
8192, 12383, 7982, 4401
8192, 11628, 7988, 3640
8192, 14094, 8015, 6079
8192, 12854, 8077, 4777
8192, 14670, 8098, 6572
8192, 14383, 8220, 6163
8192, 14482, 8318, 6164
8192, 14861, 8339, 6522
8192, 13579, 8410, 5169
8192, 14421, 8473, 5948
8192, 14381, 8525, 5856
8192, 14360, 8558, 5802
8192, 14736, 8574, 6162
8192, 11712, 8610, 3102
8192, 14752, 8672, 6080
8192, 14637, 8713, 5924
8192, 15114, 8754, 6360
8192, 14734, 8885, 5849
8192, 14242, 8970, 5272
8192, 9558, 9006, 552
8192, 15243, 9064, 6179
8192, 14804, 9167, 5637
8192, 10477, 9184, 1293
8192, 14826, 9260, 5566
8192, 14819, 9298, 5521
8192, 13789, 9299, 4490
8192, 14226, 9341, 4885
8192, 14843, 9345, 5498
8192, 15637, 9373, 6264
8192, 12448, 9474, 2974
8192, 15251, 9514, 5737
8192, 14779, 9573, 5206
8192, 12618, 9651, 2967
8192, 12123, 9938, 2185
8192, 14445, 10100, 4345
8192, 13214, 10176, 3038
8192, 10547, 10177, 370
8192, 11246, 10226, 1020
8192, 14410, 10515, 3895
8192, 15168, 10712, 4456
8192, 14422, 10872, 3550
8192, 15553, 11457, 4096
8192, 15617, 11640, 3977
8192, 15029, 11939, 3090
8192, 14317, 13056, 1261
8192, 14673, 13365, 1308
8192, 17487, 14586, 2901
8192, 18464, 17184, 1280
8192, 19646, 17367, 2279
8192, 21831, 21831, 0
8192, 23812, 23812, 0
